7
15
-12.000000
0.000000
    0.1000   101.3908     4.0556    47.2139     1.1460    93.0060     3.8843  -137.1854     1.1965    -0.0498     0.0200     0.0218     0.0200
    0.1778   108.6794     4.3472    45.3829     1.1460    97.5305     4.1182  -138.0700     1.2097    -0.0775     0.0200     0.0042     0.0200
    0.3162    99.9052     3.9962    46.5576     1.1460    99.1319     3.9807  -137.4710     1.1505    -0.0329     0.0200     0.0497     0.0200
    0.5623    97.3480     4.0102    47.6407     1.1802   103.2473     4.1299  -137.2487     1.1460    -0.0479     0.0200     0.0240     0.0200
    1.0000    92.1899     3.9525    46.6808     1.2283   105.9108     4.2364  -137.0897     1.1460    -0.0551     0.0200     0.0125     0.0200
    1.7783    98.5765     4.0533    46.2159     1.1780   104.1666     4.1667  -137.6097     1.1460    -0.0498     0.0200     0.0386     0.0200
    3.1623    91.0674     3.9600    49.9204     1.2458   107.6217     4.3049  -138.9620     1.1460    -0.0825     0.0200     0.0521     0.0200
    5.6234    78.8306     3.9544    52.2016     1.4372   123.9812     4.9592  -137.6976     1.1460    -0.1156     0.0200     0.0683     0.0200
   10.0000    71.1223     3.5632    50.6350     1.4354   111.5693     4.4628  -138.8387     1.1460    -0.1786     0.0200     0.0242     0.0200
   17.7828    70.4847     3.7142    46.6082     1.5098   122.3259     4.8930  -138.5257     1.1460    -0.1513     0.0200     0.0298     0.0200
   31.6228    64.8077     3.6743    41.3059     1.6244   130.2003     5.2080  -137.8683     1.1460    -0.1786     0.0200    -0.0425     0.0200
   56.2341    73.5394     3.8962    40.8108     1.5180   129.0149     5.1606  -136.9881     1.1460    -0.1153     0.0200    -0.0252     0.0200
  100.0000    83.7232     4.2636    41.7311     1.4591   135.7038     5.4282  -139.0114     1.1460    -0.1048     0.0200    -0.0499     0.0200
  177.8279    92.2957     4.5689    40.8793     1.4183   141.3614     5.6545  -135.3119     1.1460    -0.1192     0.0200    -0.0874     0.0200
  316.2278    90.9120     4.5253    43.2990     1.4261   140.7821     5.6313  -134.5292     1.1460    -0.0466     0.0200    -0.0290     0.0200
-8.000000
-0.750000
    0.1000   105.7062     4.2282    46.5876     1.1460    82.6244     3.7382  -135.1062     1.2962    -0.3165     0.0200    -0.0758     0.0200
    0.1778   102.7672     4.1107    45.3176     1.1460    86.4823     3.7710  -132.7368     1.2493    -0.3070     0.0200    -0.0988     0.0200
    0.3162   104.4191     4.1768    45.8503     1.1460    86.4527     3.8005  -137.3417     1.2595    -0.2609     0.0200    -0.0949     0.0200
    0.5623   108.3127     4.3325    46.3815     1.1460    93.9181     4.0344  -135.3791     1.2307    -0.2186     0.0200    -0.0956     0.0200
    1.0000   107.7538     4.3102    48.0300     1.1460    98.3109     4.1170  -133.8917     1.1998    -0.1850     0.0200    -0.0810     0.0200
    1.7783   105.0474     4.2019    51.8900     1.1460    89.8065     3.8851  -132.0577     1.2394    -0.1504     0.0200    -0.0324     0.0200
    3.1623    89.6143     3.5978    54.1716     1.1502    90.2788     3.6112  -134.2977     1.1460    -0.1674     0.0200    -0.0135     0.0200
    5.6234    70.1354     3.0916    52.0021     1.2629    85.1736     3.4069  -134.7431     1.1460    -0.1731     0.0200     0.0157     0.0200
   10.0000    60.6187     2.7891    50.1094     1.3182    80.2075     3.2083  -133.4321     1.1460    -0.1841     0.0200     0.0131     0.0200
   17.7828    57.0173     2.7178    45.4114     1.3657    80.9676     3.2387  -133.5976     1.1460    -0.2049     0.0200    -0.0303     0.0200
   31.6228    62.2776     2.8253    40.0946     1.2998    80.1105     3.2044  -135.6629     1.1460    -0.1885     0.0200    -0.0543     0.0200
   56.2341    73.2790     3.0746    39.0396     1.2021    80.6261     3.2250  -134.6297     1.1460    -0.1121     0.0200    -0.0199     0.0200
  100.0000    77.2763     3.0911    39.4158     1.1460    77.0797     3.0871  -133.9579     1.1475    -0.1134     0.0200    -0.0550     0.0200
  177.8279    91.5109     3.6604    38.9777     1.1460    83.9498     3.5060  -134.2778     1.1965    -0.1258     0.0200    -0.0907     0.0200
  316.2278    87.8688     3.5148    42.6124     1.1460    81.0188     3.3750  -132.8395     1.1935    -0.0306     0.0200    -0.0104     0.0200
-4.000000
-2.250000
    0.1000   118.9099     4.7564    44.4186     1.1460    88.7657     4.1095  -134.0532     1.3264    -0.2903     0.0200    -0.0645     0.0200
    0.1778   106.8509     4.2740    46.2202     1.1460    88.1097     3.8812  -133.9783     1.2620    -0.2567     0.0200    -0.0675     0.0200
    0.3162   114.1392     4.5656    45.0841     1.1460    89.1268     4.0344  -135.1887     1.2969    -0.2398     0.0200    -0.0947     0.0200
    0.5623   127.9597     5.1184    45.7809     1.1460    87.4940     4.2324  -131.8719     1.3859    -0.1689     0.0200    -0.0727     0.0200
    1.0000   121.0846     4.8434    49.4885     1.1460    83.3560     4.0186  -128.7249     1.3812    -0.1680     0.0200    -0.1045     0.0200
    1.7783   116.6586     4.6663    53.8111     1.1460    76.3675     3.7755  -124.0206     1.4164    -0.1165     0.0200    -0.0573     0.0200
    3.1623    84.5704     3.3828    59.6074     1.1460    54.0068     2.7033  -122.9949     1.4341    -0.1318     0.0200    -0.0564     0.0200
    5.6234    66.1304     2.6452    57.1529     1.1460    53.1510     2.3715  -120.6260     1.2783    -0.1087     0.0200    -0.0135     0.0200
   10.0000    55.8106     2.2324    52.4431     1.1460    36.0782     1.7949  -122.0760     1.4254    -0.1101     0.0200    -0.0078     0.0200
   17.7828    53.8256     2.1530    47.2421     1.1460    33.0612     1.6874  -124.1148     1.4623    -0.1315     0.0200    -0.0377     0.0200
   31.6228    55.4025     2.2161    40.6798     1.1460    31.7810     1.6785  -126.8482     1.5132    -0.1238     0.0200    -0.0487     0.0200
   56.2341    65.0106     2.6004    39.5469     1.1460    25.9572     1.6432  -126.8517     1.8138    -0.0811     0.0200    -0.0271     0.0200
  100.0000    72.2960     2.8918    38.6559     1.1460    22.3309     1.6072  -125.9879     2.0623    -0.0855     0.0200    -0.0497     0.0200
  177.8279    78.1826     3.1273    39.8970     1.1460    20.4191     1.5982  -129.3023     2.2429    -0.0886     0.0200    -0.0662     0.0200
  316.2278    86.4066     3.4563    42.4240     1.1460    21.0780     1.7071  -130.1093     2.3208    -0.0465     0.0200    -0.0332     0.0200
-0.000000
-3.000000
    0.1000   109.1006     4.3640    44.0435     1.1460   105.5966     4.2934  -136.1805     1.1649     0.0020     0.0200     0.0010     0.0200
    0.1778   107.1819     4.2873    42.7560     1.1460    97.0659     4.0799  -132.4045     1.2042     0.0275     0.0200     0.0267     0.0200
    0.3162   126.3117     5.0525    43.8802     1.1460    93.3409     4.3433  -133.9877     1.3331    -0.0203     0.0200    -0.0208     0.0200
    0.5623   122.2683     4.8907    45.2019     1.1460   104.0891     4.5125  -129.4077     1.2421    -0.0253     0.0200    -0.0255     0.0200
    1.0000   121.0550     4.8422    48.7542     1.1460    89.6659     4.1674  -124.0009     1.3316     0.0082     0.0200     0.0081     0.0200
    1.7783   120.7233     4.8289    54.1548     1.1460    70.9036     3.7007  -121.8979     1.4954    -0.0120     0.0200    -0.0122     0.0200
    3.1623   102.5101     4.1004    57.5703     1.1460    63.8169     3.2353  -120.1898     1.4525    -0.0131     0.0200    -0.0134     0.0200
    5.6234    75.0347     3.0014    58.0336     1.1460    43.3228     2.2806  -115.8752     1.5083     0.0067     0.0200     0.0063     0.0200
   10.0000    55.2604     2.2104    52.6975     1.1460    37.4429     1.8195  -116.4817     1.3923     0.0227     0.0200     0.0222     0.0200
   17.7828    51.5436     2.0617    47.9117     1.1460    25.2060     1.4418  -120.8379     1.6389     0.0017     0.0200     0.0012     0.0200
   31.6228    54.6378     2.1855    40.5700     1.1460    21.9431     1.3850  -120.6223     1.8085    -0.0074     0.0200    -0.0077     0.0200
   56.2341    57.5255     2.3010    38.6475     1.1460    18.6615     1.3106  -124.9260     2.0123    -0.0139     0.0200    -0.0140     0.0200
  100.0000    72.8732     2.9149    41.4782     1.1460    17.2664     1.4189  -126.6825     2.3548     0.0290     0.0200     0.0290     0.0200
  177.8279    77.8739     3.1150    40.7348     1.1460    18.0212     1.4985  -126.6936     2.3828     0.0133     0.0200     0.0135     0.0200
  316.2278    78.6425     3.1457    42.0797     1.1460    11.5000     1.2029  -127.5975     2.9980    -0.0299     0.0200    -0.0298     0.0200
4.000000
-2.250000
    0.1000   117.6285     4.7051    45.7102     1.1460    77.9265     3.8296  -135.2009     1.4080     0.3097     0.0200     0.0820     0.0200
    0.1778   107.4585     4.2983    43.8033     1.1460    78.5502     3.6750  -135.2990     1.3404     0.2264     0.0200     0.0358     0.0200
    0.3162   112.9786     4.5191    44.4331     1.1460    87.7319     3.9823  -136.2809     1.3005     0.2414     0.0200     0.0955     0.0200
    0.5623   127.5522     5.1021    46.5392     1.1460    96.4719     4.4372  -132.0313     1.3178     0.2037     0.0200     0.1071     0.0200
    1.0000   126.0721     5.0429    48.6986     1.1460    98.7111     4.4622  -127.1358     1.2951     0.1260     0.0200     0.0623     0.0200
    1.7783   110.2856     4.4114    54.8964     1.1460    81.4738     3.7917  -121.8148     1.3333     0.1389     0.0200     0.0792     0.0200
    3.1623    93.3085     3.7323    58.0638     1.1460    60.4372     3.0038  -122.9214     1.4240     0.1457     0.0200     0.0695     0.0200
    5.6234    65.4500     2.6180    57.3874     1.1460    49.1391     2.2684  -121.0534     1.3226     0.1059     0.0200     0.0098     0.0200
   10.0000    58.2611     2.3304    53.7814     1.1460    40.1859     1.9355  -122.2006     1.3799     0.1294     0.0200     0.0259     0.0200
   17.7828    48.7748     1.9510    45.2280     1.1460    34.0419     1.6299  -125.5970     1.3718     0.1241     0.0200     0.0294     0.0200
   31.6228    56.3553     2.2542    41.6996     1.1460    32.0476     1.6999  -126.0609     1.5198     0.1280     0.0200     0.0524     0.0200
   56.2341    65.4913     2.6197    39.6023     1.1460    28.5669     1.7301  -129.3771     1.7353     0.0657     0.0200     0.0115     0.0200
  100.0000    67.5318     2.7013    37.5664     1.1460    22.9315     1.5741  -128.2584     1.9669     0.0601     0.0200     0.0244     0.0200
  177.8279    73.0424     2.9217    39.3430     1.1460    24.1154     1.6788  -131.4158     1.9947     0.0462     0.0200     0.0241     0.0200
  316.2278    85.5646     3.4226    41.0273     1.1460    20.3639     1.6697  -130.3475     2.3496     0.0472     0.0200     0.0342     0.0200
8.000000
-0.750000
    0.1000   111.4424     4.4577    49.5848     1.1460    85.6557     3.9081  -134.4739     1.3072     0.3181     0.0200     0.0781     0.0200
    0.1778   109.6727     4.3869    45.2904     1.1460    80.3338     3.7546  -135.2093     1.3390     0.2446     0.0200     0.0370     0.0200
    0.3162   113.1978     4.5279    47.1559     1.1460    91.9395     4.0807  -137.6701     1.2716     0.2300     0.0200     0.0644     0.0200
    0.5623   108.0616     4.3225    48.8206     1.1460    92.3737     3.9964  -137.4157     1.2395     0.1746     0.0200     0.0519     0.0200
    1.0000   100.7383     4.0295    51.2963     1.1460    95.4851     3.9231  -133.3764     1.1771     0.1427     0.0200     0.0388     0.0200
    1.7783    96.0650     3.9998    52.8584     1.1929   104.0844     4.1634  -133.6469     1.1460     0.1420     0.0200     0.0238     0.0200
    3.1623    83.8144     3.3926    56.3701     1.1597    85.8265     3.4331  -131.8591     1.1460     0.1476     0.0200    -0.0067     0.0200
    5.6234    67.7718     2.9638    56.0675     1.2529    81.0099     3.2404  -133.4420     1.1460     0.1707     0.0200    -0.0187     0.0200
   10.0000    54.0800     2.6609    49.2680     1.4097    81.8251     3.2730  -134.7425     1.1460     0.1967     0.0200    -0.0013     0.0200
   17.7828    57.0363     2.6864    41.2936     1.3494    79.0812     3.1632  -134.0610     1.1460     0.1941     0.0200     0.0188     0.0200
   31.6228    61.3383     2.8682    41.7723     1.3397    83.8256     3.3530  -133.0550     1.1460     0.1969     0.0200     0.0626     0.0200
   56.2341    70.5092     3.1281    36.8128     1.2710    86.7346     3.4694  -133.8667     1.1460     0.1511     0.0200     0.0591     0.0200
  100.0000    73.8421     3.1057    39.2530     1.2050    81.6391     3.2656  -134.7168     1.1460     0.1412     0.0200     0.0832     0.0200
  177.8279    82.8332     3.3133    41.0689     1.1460    81.9227     3.2951  -136.1825     1.1523     0.0891     0.0200     0.0546     0.0200
  316.2278    87.0422     3.4817    42.0158     1.1460    81.9546     3.3784  -133.5999     1.1810     0.0882     0.0200     0.0685     0.0200
12.000000
0.000000
    0.1000    91.1595     3.6464    47.0569     1.1460    90.9292     3.6418  -135.8486     1.1474     0.0200     0.0200    -0.0500     0.0200
    0.1778    96.7803     3.8712    47.1560     1.1460    94.7565     3.8305  -133.8003     1.1582     0.0963     0.0200     0.0162     0.0200
    0.3162    96.3923     3.8629    47.0689     1.1481    96.7512     3.8700  -136.2519     1.1460     0.0373     0.0200    -0.0440     0.0200
    0.5623    92.7795     3.9186    46.0224     1.2101   103.4414     4.1377  -137.9253     1.1460     0.0852     0.0200     0.0142     0.0200
    1.0000   102.0594     4.1601    46.3815     1.1678   105.9817     4.2393  -136.6250     1.1460     0.0452     0.0200    -0.0216     0.0200
    1.7783    97.5653     4.0957    48.3360     1.2027   107.4562     4.2982  -137.1995     1.1460     0.0572     0.0200    -0.0305     0.0200
    3.1623    89.7831     3.9702    50.7619     1.2669   109.7265     4.3891  -136.8023     1.1460     0.0831     0.0200    -0.0507     0.0200
    5.6234    82.7810     3.8947    51.1551     1.3480   114.5248     4.5810  -137.6173     1.1460     0.1098     0.0200    -0.0736     0.0200
   10.0000    74.4217     3.9049    48.8018     1.5033   128.0540     5.1222  -137.7684     1.1460     0.1502     0.0200    -0.0527     0.0200
   17.7828    69.9588     3.6181    45.2877     1.4817   116.9469     4.6779  -138.9289     1.1460     0.1398     0.0200    -0.0415     0.0200
   31.6228    67.4285     3.7172    41.5901     1.5795   128.0786     5.1231  -136.9398     1.1460     0.1875     0.0200     0.0515     0.0200
   56.2341    74.3998     4.0505    42.3305     1.5598   137.8232     5.5129  -137.7083     1.1460     0.1299     0.0200     0.0401     0.0200
  100.0000    82.6158     4.3233    40.0085     1.4993   141.3990     5.6560  -136.5460     1.1460     0.1570     0.0200     0.1026     0.0200
  177.8279    86.4598     4.3978    41.4298     1.4573   139.8107     5.5924  -133.3294     1.1460     0.1056     0.0200     0.0744     0.0200
  316.2278    92.8411     4.5925    43.1713     1.4173   141.9847     5.6794  -136.7501     1.1460     0.0612     0.0200     0.0439     0.0200
