12
18
-30.714940
-0.158960
    0.0152    28.6385     2.8638    31.6523     2.8660    37.4568     3.7457  -141.2755     2.8660 99999.0000 99999.0000 99999.0000 99999.0000
    0.0250    30.1918     3.0192    33.1120     2.8660    37.2645     3.7264  -140.5320     2.8660 99999.0000 99999.0000 99999.0000 99999.0000
    0.0444    37.3724     3.7372    29.9708     2.8660    37.2007     3.7201  -142.3604     2.8660 99999.0000 99999.0000 99999.0000 99999.0000
    0.0730    47.9432     4.7943    28.5133     2.8660    42.5046     4.2505  -147.0091     2.8660 99999.0000 99999.0000 99999.0000 99999.0000
    0.1235    59.8610     5.9861    26.6705     2.8660    51.3085     5.1309  -152.6164     2.8660 99999.0000 99999.0000 99999.0000 99999.0000
    0.2128    72.0592     7.2059    25.9262     2.8660    66.6304     6.6630  -156.5186     2.8660 99999.0000 99999.0000 99999.0000 99999.0000
    0.3559    92.9707     9.2971    26.4466     2.8660    89.5182     8.9518  -157.7129     2.8660 99999.0000 99999.0000 99999.0000 99999.0000
    0.5814   121.9865    12.1987    27.0354     2.8660   124.9365    12.4937  -158.6005     2.8660 99999.0000 99999.0000 99999.0000 99999.0000
    0.9804   150.5952    15.0595    31.0526     2.8660   176.8173    17.6817  -155.7417     2.8660 99999.0000 99999.0000 99999.0000 99999.0000
    1.6949   165.8804    16.5880    34.8321     2.8660   212.1643    21.2164  -152.1227     2.8660 99999.0000 99999.0000 99999.0000 99999.0000
    2.8571   168.4759    16.8476    38.5403     2.8660   231.8551    23.1855  -148.0014     2.8660 99999.0000 99999.0000 99999.0000 99999.0000
    4.6512   145.7809    14.5781    37.4014     2.8660   240.6252    24.0625  -146.7741     2.8660 99999.0000 99999.0000 99999.0000 99999.0000
    7.8740   129.9657    12.9966    40.5191     2.8660   248.2525    24.8253  -145.1115     2.8660 99999.0000 99999.0000 99999.0000 99999.0000
   13.6986    79.9462     7.9946    30.3258     2.8660 99999.0000 99999.0000 99999.0000 99999.0000 99999.0000 99999.0000 99999.0000 99999.0000
   22.7273    54.5416     5.4542    50.5571     2.8660 99999.0000 99999.0000 99999.0000 99999.0000 99999.0000 99999.0000 99999.0000 99999.0000
   37.1747    86.7159     8.6716    46.2678     2.8660   756.0433    75.6043  -145.8796     2.8660 99999.0000 99999.0000 99999.0000 99999.0000
   62.8931   163.2427    16.3243    58.4677     2.8660   657.2510    65.7251  -137.7154     2.8660 99999.0000 99999.0000 99999.0000 99999.0000
  108.6957   127.5103    12.7510    51.4662     2.8660   770.7625    77.0763  -139.4270     2.8660 99999.0000 99999.0000 99999.0000 99999.0000
-24.137710
-0.383260
    0.0152   488.8931    48.8893    44.6311     2.8660   425.6079    42.5608  -138.2732     2.8660 99999.0000 99999.0000 99999.0000 99999.0000
    0.0250   409.6916    40.9692    54.6241     2.8660   380.5182    38.0518  -132.8856     2.8660 99999.0000 99999.0000 99999.0000 99999.0000
    0.0444   305.0698    30.5070    61.4155     2.8660   316.8753    31.6875  -130.1655     2.8660 99999.0000 99999.0000 99999.0000 99999.0000
    0.0730   243.1056    24.3106    64.5864     2.8660   299.0099    29.9010  -130.3574     2.8660 99999.0000 99999.0000 99999.0000 99999.0000
    0.1235   178.2424    17.8242    65.4808     2.8660   263.7179    26.3718  -132.3738     2.8660 99999.0000 99999.0000 99999.0000 99999.0000
    0.2128   123.3829    12.3383    63.4820     2.8660   233.1299    23.3130  -138.8158     2.8660 99999.0000 99999.0000 99999.0000 99999.0000
    0.3559   101.0084    10.1008    60.0197     2.8660   253.8625    25.3863  -145.7203     2.8660 99999.0000 99999.0000 99999.0000 99999.0000
    0.5814    91.7702     9.1770    57.7461     2.8660   322.1847    32.2185  -151.8857     2.8660 99999.0000 99999.0000 99999.0000 99999.0000
    0.9804    77.5843     7.7584    58.3229     2.8660   445.8771    44.5877  -154.1649     2.8660 99999.0000 99999.0000 99999.0000 99999.0000
    1.6949    60.8395     6.0840    58.9772     2.8660   556.6695    55.6669  -154.3583     2.8660 99999.0000 99999.0000 99999.0000 99999.0000
    2.8571    53.1058     5.3106    57.8241     2.8660   688.7056    68.8706  -151.1843     2.8660 99999.0000 99999.0000 99999.0000 99999.0000
    4.6512    41.6482     4.1648    59.7520     2.8660   755.0322    75.5032  -147.4796     2.8660 99999.0000 99999.0000 99999.0000 99999.0000
    7.8740    45.1720     4.5172    50.5995     2.8660   835.6261    83.5626  -145.9784     2.8660 99999.0000 99999.0000 99999.0000 99999.0000
   13.6986    45.2637     4.5264    48.5339     2.8660   904.1479    90.4148  -147.0866     2.8660 99999.0000 99999.0000 99999.0000 99999.0000
   22.7273    28.7986     2.8799    53.2655     2.8660  1031.6380   103.1638  -149.8851     2.8660 99999.0000 99999.0000 99999.0000 99999.0000
   37.1747    36.4232     3.6423    61.0346     2.8660  1358.0550   135.8055  -146.4646     2.8660 99999.0000 99999.0000 99999.0000 99999.0000
   62.8931    11.7269     1.1727    39.2644     2.8660  1653.6530   165.3653  -151.4817     2.8660 99999.0000 99999.0000 99999.0000 99999.0000
  108.6957    36.6254     3.6625    30.3022     2.8660  2543.4210   254.3421  -149.0150     2.8660 99999.0000 99999.0000 99999.0000 99999.0000
-20.872560
-1.158140
    0.0152  1425.8510   142.5851    54.6254     2.8660  1373.1430   137.3143  -146.6127     2.8660 99999.0000 99999.0000 99999.0000 99999.0000
    0.0250  1181.0870   118.1087    60.3410     2.8660  1481.5800   148.1580  -145.7744     2.8660 99999.0000 99999.0000 99999.0000 99999.0000
    0.0444   887.7673    88.7767    63.7729     2.8660  1674.4860   167.4486  -146.4617     2.8660 99999.0000 99999.0000 99999.0000 99999.0000
    0.0730   714.3665    71.4367    64.6526     2.8660  2033.7290   203.3729  -147.1520     2.8660 99999.0000 99999.0000 99999.0000 99999.0000
    0.1235   528.1189    52.8119    63.2765     2.8660  2251.1400   225.1140  -148.1308     2.8660 99999.0000 99999.0000 99999.0000 99999.0000
    0.2128   370.2458    37.0246    59.5153     2.8660  2561.2130   256.1213  -151.2938     2.8660 99999.0000 99999.0000 99999.0000 99999.0000
    0.3559   259.4693    25.9469    54.7791     2.8660  3191.1750   319.1175  -153.5832     2.8660 99999.0000 99999.0000 99999.0000 99999.0000
    0.5814   268.4538    26.8454    50.9491     2.8660  4292.6180   429.2618  -154.7642     2.8660 99999.0000 99999.0000 99999.0000 99999.0000
    0.9804   251.5856    25.1586    50.0634     2.8660  5869.0760   586.9076  -152.5316     2.8660 99999.0000 99999.0000 99999.0000 99999.0000
    1.6949   139.8016    13.9802    53.8208     2.8660  6838.5460   683.8546  -149.5833     2.8660 99999.0000 99999.0000 99999.0000 99999.0000
    2.8571    65.8733     6.5873    60.6989     2.8660  7196.4700   719.6470  -145.7360     2.8660 99999.0000 99999.0000 99999.0000 99999.0000
    4.6512    32.7247     3.2725    62.2160     2.8660  7252.7450   725.2745  -143.0754     2.8660 99999.0000 99999.0000 99999.0000 99999.0000
    7.8740     8.8926     0.8893    62.1123     2.8660  7317.1790   731.7179  -142.0588     2.8660 99999.0000 99999.0000 99999.0000 99999.0000
   13.6986    18.0493     1.8049    56.0425     2.8660  6341.5100   634.1510  -144.8337     2.8660 99999.0000 99999.0000 99999.0000 99999.0000
   22.7273     0.0956     5.4726    89.3523   361.0127 99999.0000 99999.0000 99999.0000 99999.0000 99999.0000 99999.0000 99999.0000 99999.0000
   37.1747 99999.0000 99999.0000 99999.0000 99999.0000 10587.7300  1058.7730  -141.2596     2.8660 99999.0000 99999.0000 99999.0000 99999.0000
   62.8931 99999.0000 99999.0000 99999.0000 99999.0000  8620.6390   862.0639  -136.3408     2.8660 99999.0000 99999.0000 99999.0000 99999.0000
  108.6957 99999.0000 99999.0000 99999.0000 99999.0000 13853.4700  1385.3470  -136.4102     2.8660 99999.0000 99999.0000 99999.0000 99999.0000
-8.549770
-0.139950
    0.0152   252.4840    25.2484    38.0969     2.8660   422.2498    42.2250  -136.4017     2.8660 99999.0000 99999.0000 99999.0000 99999.0000
    0.0250   265.7869    26.5787    41.3990     2.8660   496.7388    49.6739  -143.3891     2.8660 99999.0000 99999.0000 99999.0000 99999.0000
    0.0444   227.6067    22.7607    48.5890     2.8660   509.8949    50.9895  -142.6635     2.8660 99999.0000 99999.0000 99999.0000 99999.0000
    0.0730   256.2101    25.6210    50.8055     2.8660   642.3535    64.2354  -144.0885     2.8660 99999.0000 99999.0000 99999.0000 99999.0000
    0.1235   239.5869    23.9587    50.5836     2.8660   736.0211    73.6021  -148.5358     2.8660 99999.0000 99999.0000 99999.0000 99999.0000
    0.2128   238.1391    23.8139    54.5208     2.8660   813.1705    81.3170  -153.4386     2.8660 99999.0000 99999.0000 99999.0000 99999.0000
    0.3559   195.8248    19.5825    57.2016     2.8660  1028.9550   102.8955  -159.9824     2.8660 99999.0000 99999.0000 99999.0000 99999.0000
    0.5814   180.0672    18.0067    58.1187     2.8660  1604.7710   160.4771  -160.2349     2.8660 99999.0000 99999.0000 99999.0000 99999.0000
    0.9804   155.7251    15.5725    58.7444     2.8660  2231.5660   223.1566  -157.3882     2.8660 99999.0000 99999.0000 99999.0000 99999.0000
    1.6949   157.1752    15.7175    56.8352     2.8660  2772.7990   277.2799  -152.6139     2.8660 99999.0000 99999.0000 99999.0000 99999.0000
    2.8571   192.4252    19.2425    60.0843     2.8660  3442.2410   344.2241  -146.5987     2.8660 99999.0000 99999.0000 99999.0000 99999.0000
    4.6512   189.1815    18.9182    58.7390     2.8660  3913.4460   391.3446  -142.0625     2.8660 99999.0000 99999.0000 99999.0000 99999.0000
    7.8740   240.9804    24.0980    77.0662     2.8660  3977.1330   397.7133  -144.1896     2.8660 99999.0000 99999.0000 99999.0000 99999.0000
   13.6986 99999.0000 99999.0000 99999.0000 99999.0000  4509.2090   450.9209  -143.7980     2.8660 99999.0000 99999.0000 99999.0000 99999.0000
   22.7273    87.3006     8.7301    38.0454     2.8660 99999.0000 99999.0000 99999.0000 99999.0000 99999.0000 99999.0000 99999.0000 99999.0000
   37.1747   100.4550    10.0455    72.7024     2.8660  4886.4390   488.6439  -145.6062     2.8660 99999.0000 99999.0000 99999.0000 99999.0000
   62.8931    27.7319     2.7732    78.2174     2.8660  7534.7000   753.4700  -149.3900     2.8660 99999.0000 99999.0000 99999.0000 99999.0000
  108.6957 99999.0000 99999.0000 99999.0000 99999.0000 10164.5800  1016.4580  -152.3303     2.8660 99999.0000 99999.0000 99999.0000 99999.0000
-5.662530
-0.055420
    0.0152    31.0390     3.1039    51.4938     2.8660    31.4559     3.1456  -136.9801     2.8660 99999.0000 99999.0000 99999.0000 99999.0000
    0.0250    24.7277     2.4728    52.9833     2.8660    30.1670     3.0167  -134.2918     2.8660 99999.0000 99999.0000 99999.0000 99999.0000
    0.0444    19.7548     1.9755    52.5894     2.8660    26.8339     2.6834  -130.7867     2.8660 99999.0000 99999.0000 99999.0000 99999.0000
    0.0730    20.7885     2.0789    48.3870     2.8660    28.0702     2.8070  -129.7077     2.8660 99999.0000 99999.0000 99999.0000 99999.0000
    0.1235    19.3584     1.9358    44.9331     2.8660    24.4762     2.4476  -129.4736     2.8660 99999.0000 99999.0000 99999.0000 99999.0000
    0.2128    18.6493     1.8649    38.5793     2.8660    21.3853     2.1385  -132.0114     2.8660 99999.0000 99999.0000 99999.0000 99999.0000
    0.3559    21.3412     2.1341    32.4072     2.8660    20.8285     2.0829  -135.6345     2.8660 99999.0000 99999.0000 99999.0000 99999.0000
    0.5814    27.7804     2.7780    27.7456     2.8660    22.8645     2.2864  -137.9224     2.8660 99999.0000 99999.0000 99999.0000 99999.0000
    0.9804    38.7392     3.8739    26.5918     2.8660    26.0179     2.6018  -136.7926     2.8660 99999.0000 99999.0000 99999.0000 99999.0000
    1.6949    49.9916     4.9992    28.1097     2.8660    27.4364     2.7436  -133.4513     2.8660 99999.0000 99999.0000 99999.0000 99999.0000
    2.8571    60.1781     6.0178    34.1032     2.8660    27.3301     2.7330  -128.5303     2.8660 99999.0000 99999.0000 99999.0000 99999.0000
    4.6512    64.8971     6.4897    40.7640     2.8660    23.4491     2.3449  -124.5880     2.8660 99999.0000 99999.0000 99999.0000 99999.0000
    7.8740    61.2079     6.1208    46.8982     2.8660    16.5868     1.6587  -123.1901     2.8660 99999.0000 99999.0000 99999.0000 99999.0000
   13.6986    42.9235     4.2923    59.8490     2.8660    13.1651     1.3165  -118.3570     2.8660 99999.0000 99999.0000 99999.0000 99999.0000
   22.7273    51.6555     5.1655    57.9293     2.8660    12.4500     1.2450  -126.3190     2.8660 99999.0000 99999.0000 99999.0000 99999.0000
   37.1747    51.6606     5.1661    57.1288     2.8660    11.2394     1.1239  -135.0939     2.8660 99999.0000 99999.0000 99999.0000 99999.0000
   62.8931    46.2043     4.6204    72.8924     2.8660 99999.0000 99999.0000 99999.0000 99999.0000 99999.0000 99999.0000 99999.0000 99999.0000
  108.6957    70.6335     7.0634    37.9578     2.8660 99999.0000 99999.0000 99999.0000 99999.0000 99999.0000 99999.0000 99999.0000 99999.0000
-0.861580
-0.036110
    0.0152    11.7367     1.1737    44.0304     2.8660    12.4607     1.2461  -134.8514     2.8660 99999.0000 99999.0000 99999.0000 99999.0000
    0.0250    10.6980     1.0698    45.6945     2.8660    13.0191     1.3019  -131.5284     2.8660 99999.0000 99999.0000 99999.0000 99999.0000
    0.0444    10.1243     1.0124    50.7734     2.8660    12.3582     1.2358  -128.6710     2.8660 99999.0000 99999.0000 99999.0000 99999.0000
    0.0730     9.9250     0.9925    54.4838     2.8660    11.8009     1.1801  -125.8378     2.8660 99999.0000 99999.0000 99999.0000 99999.0000
    0.1235     8.2661     0.8266    57.7761     2.8660    10.0015     1.0002  -122.9783     2.8660 99999.0000 99999.0000 99999.0000 99999.0000
    0.2128     8.0619     0.8062    53.6145     2.8660     7.4719     0.7472  -122.8295     2.8660 99999.0000 99999.0000 99999.0000 99999.0000
    0.3559     5.1401     0.5140    52.8664     2.8660     6.1113     0.6111  -125.8234     2.8660 99999.0000 99999.0000 99999.0000 99999.0000
    0.5814     3.8302     0.3830    41.9567     2.8660     5.6563     0.5656  -130.8452     2.8660 99999.0000 99999.0000 99999.0000 99999.0000
    0.9804     4.5171     0.4517    26.9945     2.8660     6.4542     0.6454  -137.5862     2.8660 99999.0000 99999.0000 99999.0000 99999.0000
    1.6949     6.9035     0.6903    18.2622     2.8660     6.5581     0.6558  -141.3086     2.8660 99999.0000 99999.0000 99999.0000 99999.0000
    2.8571    10.7550     1.0755    19.8115     2.8660     6.4828     0.6483  -137.7018     2.8660 99999.0000 99999.0000 99999.0000 99999.0000
    4.6512    14.5440     1.4544    24.4115     2.8660     6.3967     0.6397  -136.8683     2.8660 99999.0000 99999.0000 99999.0000 99999.0000
    7.8740    18.4484     1.8448    30.1071     2.8660     5.9687     0.5969  -135.1355     2.8660 99999.0000 99999.0000 99999.0000 99999.0000
   13.6986    26.0623     2.6062    43.2608     2.8660 99999.0000 99999.0000 99999.0000 99999.0000 99999.0000 99999.0000 99999.0000 99999.0000
   22.7273    28.8836     2.8884    37.7356     2.8660     5.9085     0.5908  -139.5171     2.8660 99999.0000 99999.0000 99999.0000 99999.0000
   37.1747    27.0366     2.7037    41.7044     2.8660 99999.0000 99999.0000 99999.0000 99999.0000 99999.0000 99999.0000 99999.0000 99999.0000
   62.8931    29.1398     2.9140    61.0142     2.8660 99999.0000 99999.0000 99999.0000 99999.0000 99999.0000 99999.0000 99999.0000 99999.0000
  108.6957    25.5631     2.5563    50.6102     2.8660     6.7649     0.6765  -129.7034     2.8660 99999.0000 99999.0000 99999.0000 99999.0000
5.126780
-0.159620
    0.0152    15.1135     1.5114    43.2426     2.8660    10.9667     1.0967  -134.5679     2.8660 99999.0000 99999.0000 99999.0000 99999.0000
    0.0250    12.9359     1.2936    51.0802     2.8660     9.5766     0.9577  -129.3208     2.8660 99999.0000 99999.0000 99999.0000 99999.0000
    0.0444    10.3233     1.0323    56.8694     2.8660     8.0558     0.8056  -125.9441     2.8660 99999.0000 99999.0000 99999.0000 99999.0000
    0.0730     9.1614     0.9161    59.6372     2.8660     7.6491     0.7649  -123.9873     2.8660 99999.0000 99999.0000 99999.0000 99999.0000
    0.1235     7.2586     0.7259    61.0699     2.8660     6.4763     0.6476  -122.9774     2.8660 99999.0000 99999.0000 99999.0000 99999.0000
    0.2128     5.5058     0.5506    60.8941     2.8660     5.2516     0.5252  -123.0928     2.8660 99999.0000 99999.0000 99999.0000 99999.0000
    0.3559     4.3832     0.4383    60.1467     2.8660     4.2933     0.4293  -123.5918     2.8660 99999.0000 99999.0000 99999.0000 99999.0000
    0.5814     3.6674     0.3667    57.8317     2.8660     3.6325     0.3633  -126.0096     2.8660 99999.0000 99999.0000 99999.0000 99999.0000
    0.9804     3.1333     0.3133    56.0204     2.8660     3.2668     0.3267  -130.0005     2.8660 99999.0000 99999.0000 99999.0000 99999.0000
    1.6949     2.3732     0.2373    50.4849     2.8660     3.2481     0.3248  -132.4654     2.8660 99999.0000 99999.0000 99999.0000 99999.0000
    2.8571     2.0180     0.2018    39.4646     2.8660     3.1162     0.3116  -131.9203     2.8660 99999.0000 99999.0000 99999.0000 99999.0000
    4.6512     2.1317     0.2132    28.0426     2.8660     2.2493     0.2249  -129.1032     2.8660 99999.0000 99999.0000 99999.0000 99999.0000
    7.8740     3.9205     0.3921    24.0668     2.8660     2.2939     0.2294  -130.3196     2.8660 99999.0000 99999.0000 99999.0000 99999.0000
   13.6986     5.8021     0.5802    26.1813     2.8660 99999.0000 99999.0000 99999.0000 99999.0000 99999.0000 99999.0000 99999.0000 99999.0000
   22.7273    11.8201     1.1820    21.4970     2.8660 99999.0000 99999.0000 99999.0000 99999.0000 99999.0000 99999.0000 99999.0000 99999.0000
   37.1747    15.1333     1.5133    17.8620     2.8660 99999.0000 99999.0000 99999.0000 99999.0000 99999.0000 99999.0000 99999.0000 99999.0000
   62.8931    26.0291     2.6029    32.2326     2.8660 99999.0000 99999.0000 99999.0000 99999.0000 99999.0000 99999.0000 99999.0000 99999.0000
  108.6957    35.3177     3.5318    48.1970     2.8660 99999.0000 99999.0000 99999.0000 99999.0000 99999.0000 99999.0000 99999.0000 99999.0000
8.984510
-0.306300
    0.0152     3.4318     0.3432    55.6374     2.8660     5.7859     0.5786  -124.2129     2.8660 99999.0000 99999.0000 99999.0000 99999.0000
    0.0250     2.6228     0.2623    58.0676     2.8660     4.5772     0.4577  -121.9291     2.8660 99999.0000 99999.0000 99999.0000 99999.0000
    0.0444     1.7815     0.1781    60.0801     2.8660     3.3964     0.3396  -122.4296     2.8660 99999.0000 99999.0000 99999.0000 99999.0000
    0.0730     1.5894     0.1589    58.3979     2.8660     3.4432     0.3443  -124.4911     2.8660 99999.0000 99999.0000 99999.0000 99999.0000
    0.1235     1.4578     0.1458    56.6081     2.8660     3.1142     0.3114  -123.8535     2.8660 99999.0000 99999.0000 99999.0000 99999.0000
    0.2128     1.0283     0.1028    57.8840     2.8660     1.7700     0.1770  -124.2500     2.8660 99999.0000 99999.0000 99999.0000 99999.0000
    0.3559     0.7335     0.0734    60.1567     2.8660     1.3001     0.1300  -121.7198     2.8660 99999.0000 99999.0000 99999.0000 99999.0000
    0.5814     0.7879     0.0788    60.4419     2.8660     1.0406     0.1041  -121.7460     2.8660 99999.0000 99999.0000 99999.0000 99999.0000
    0.9804     0.5132     0.0513    54.7190     2.8660 99999.0000 99999.0000 99999.0000 99999.0000 99999.0000 99999.0000 99999.0000 99999.0000
    1.6949     0.6643     0.0664    61.5041     2.8660     1.4526     0.1453  -121.7819     2.8660 99999.0000 99999.0000 99999.0000 99999.0000
    2.8571     0.2223     0.0222    61.5521     2.8660 99999.0000 99999.0000 99999.0000 99999.0000 99999.0000 99999.0000 99999.0000 99999.0000
    4.6512     0.4259     0.0426    48.4522     2.8660     1.3306     0.1331  -121.2664     2.8660 99999.0000 99999.0000 99999.0000 99999.0000
    7.8740     0.6884     0.0734    38.0401     4.8392     1.5748     0.1575  -126.3008     2.8660 99999.0000 99999.0000 99999.0000 99999.0000
   13.6986     0.8366     0.0837    23.5879     2.8660 99999.0000 99999.0000 99999.0000 99999.0000 99999.0000 99999.0000 99999.0000 99999.0000
   22.7273     1.0332     0.1033    18.1675     2.8660 99999.0000 99999.0000 99999.0000 99999.0000 99999.0000 99999.0000 99999.0000 99999.0000
   37.1747     1.4457     0.1446    27.4609     2.8660 99999.0000 99999.0000 99999.0000 99999.0000 99999.0000 99999.0000 99999.0000 99999.0000
   62.8931     1.7451     0.1745    22.7022     2.8660 99999.0000 99999.0000 99999.0000 99999.0000 99999.0000 99999.0000 99999.0000 99999.0000
  108.6957     2.5924     0.2592    29.5995     2.8660 99999.0000 99999.0000 99999.0000 99999.0000 99999.0000 99999.0000 99999.0000 99999.0000
15.418730
-0.246140
    0.0152    20.5717     2.0572    58.7056     2.8660    40.1415     4.0142  -125.3372     2.8660 99999.0000 99999.0000 99999.0000 99999.0000
    0.0250    16.7635     1.6764    62.1757     2.8660    33.6979     3.3698  -121.7960     2.8660 99999.0000 99999.0000 99999.0000 99999.0000
    0.0444    12.4049     1.2405    64.3175     2.8660    27.5093     2.7509  -119.6918     2.8660 99999.0000 99999.0000 99999.0000 99999.0000
    0.0730    10.6656     1.0666    65.2130     2.8660    23.4728     2.3473  -118.8752     2.8660 99999.0000 99999.0000 99999.0000 99999.0000
    0.1235     7.7008     0.7701    65.0507     2.8660    17.7376     1.7738  -120.1272     2.8660 99999.0000 99999.0000 99999.0000 99999.0000
    0.2128     5.8367     0.5837    60.3450     2.8660    13.9210     1.3921  -124.9451     2.8660 99999.0000 99999.0000 99999.0000 99999.0000
    0.3559     4.8480     0.4848    56.3291     2.8660    11.8008     1.1801  -131.5985     2.8660 99999.0000 99999.0000 99999.0000 99999.0000
    0.5814     4.7754     0.4775    49.5594     2.8660    12.1652     1.2165  -140.7300     2.8660 99999.0000 99999.0000 99999.0000 99999.0000
    0.9804     5.4786     0.5479    47.7868     2.8660    15.5195     1.5519  -147.6928     2.8660 99999.0000 99999.0000 99999.0000 99999.0000
    1.6949     5.1622     0.5162    46.5171     2.8660    18.8950     1.8895  -153.1014     2.8660 99999.0000 99999.0000 99999.0000 99999.0000
    2.8571     4.8578     0.4858    47.6246     2.8660    22.5291     2.2529  -155.1833     2.8660 99999.0000 99999.0000 99999.0000 99999.0000
    4.6512     4.7953     0.4795    45.8568     2.8660    28.8932     2.8893  -157.5395     2.8660 99999.0000 99999.0000 99999.0000 99999.0000
    7.8740     4.0532     0.4053    43.2368     2.8660    38.3609     3.8361  -161.6551     2.8660 99999.0000 99999.0000 99999.0000 99999.0000
   13.6986     3.8841     0.3884    34.4440     2.8660    53.3980     5.3398  -160.0943     2.8660 99999.0000 99999.0000 99999.0000 99999.0000
   22.7273     4.9891     0.4989    30.2142     2.8660    72.5216     7.2522  -164.0143     2.8660 99999.0000 99999.0000 99999.0000 99999.0000
   37.1747     3.3628     0.3363    40.3915     2.8660   141.2417    14.1242  -166.0895     2.8660 99999.0000 99999.0000 99999.0000 99999.0000
   62.8931    11.1661     1.1166    49.7369     2.8660   159.4892    15.9489  -163.1091     2.8660 99999.0000 99999.0000 99999.0000 99999.0000
  108.6957     5.4916     0.5492    50.4884     2.8660   245.5381    24.5538  -158.4150     2.8660 99999.0000 99999.0000 99999.0000 99999.0000
18.394340
-0.202200
    0.0152    17.6243     1.7624    43.1634     2.8660    16.8631     1.6863  -138.1630     2.8660 99999.0000 99999.0000 99999.0000 99999.0000
    0.0250    15.7063     1.5706    47.7240     2.8660    14.6991     1.4699  -133.7738     2.8660 99999.0000 99999.0000 99999.0000 99999.0000
    0.0444    14.3192     1.4319    51.6551     2.8660    12.8156     1.2816  -129.3796     2.8660 99999.0000 99999.0000 99999.0000 99999.0000
    0.0730    13.5969     1.3597    54.3512     2.8660    12.8290     1.2829  -126.7943     2.8660 99999.0000 99999.0000 99999.0000 99999.0000
    0.1235    11.5894     1.1589    55.3802     2.8660    11.2416     1.1242  -124.2274     2.8660 99999.0000 99999.0000 99999.0000 99999.0000
    0.2128     9.1097     0.9110    54.1965     2.8660     8.3416     0.8342  -124.9498     2.8660 99999.0000 99999.0000 99999.0000 99999.0000
    0.3559     8.0743     0.8074    51.6327     2.8660     6.7332     0.6733  -128.5315     2.8660 99999.0000 99999.0000 99999.0000 99999.0000
    0.5814     7.8760     0.7876    46.9072     2.8660     6.4116     0.6412  -139.7368     2.8660 99999.0000 99999.0000 99999.0000 99999.0000
    0.9804     8.2796     0.8280    44.0370     2.8660     8.3101     0.8310  -150.7791     2.8660 99999.0000 99999.0000 99999.0000 99999.0000
    1.6949     8.5766     0.8577    40.6163     2.8660    11.4987     1.1499  -158.0884     2.8660 99999.0000 99999.0000 99999.0000 99999.0000
    2.8571     8.9363     0.8936    38.5992     2.8660    15.6342     1.5634  -160.9179     2.8660 99999.0000 99999.0000 99999.0000 99999.0000
    4.6512     8.9834     0.8983    36.9032     2.8660    20.4975     2.0497  -162.6744     2.8660 99999.0000 99999.0000 99999.0000 99999.0000
    7.8740    10.3890     1.0389    35.8210     2.8660    29.6368     2.9637  -163.0894     2.8660 99999.0000 99999.0000 99999.0000 99999.0000
   13.6986    12.3477     1.2348    32.5577     2.8660    34.1847     3.4185  -167.1933     2.8660 99999.0000 99999.0000 99999.0000 99999.0000
   22.7273    17.3690     1.7369    31.4498     2.8660    44.5134     4.4513  -168.8273     2.8660 99999.0000 99999.0000 99999.0000 99999.0000
   37.1747    14.8858     1.4886    18.2127     2.8660 99999.0000 99999.0000 99999.0000 99999.0000 99999.0000 99999.0000 99999.0000 99999.0000
   62.8931    23.0318     2.3032    53.4653     2.8660   156.4305    15.6431  -162.2972     2.8660 99999.0000 99999.0000 99999.0000 99999.0000
  108.6957    16.5954     1.6595    36.5054     2.8660   161.3675    16.1368  -162.4102     2.8660 99999.0000 99999.0000 99999.0000 99999.0000
23.132610
-0.153650
    0.0152     9.7788     0.9779    52.2455     2.8660     9.4555     0.9455  -125.6005     2.8660 99999.0000 99999.0000 99999.0000 99999.0000
    0.0250     8.1104     0.8110    54.7136     2.8660     7.9059     0.7906  -121.9070     2.8660 99999.0000 99999.0000 99999.0000 99999.0000
    0.0444     6.2661     0.6266    59.5816     2.8660     5.6817     0.5682  -116.8783     2.8660 99999.0000 99999.0000 99999.0000 99999.0000
    0.0730     5.6932     0.5693    60.9733     2.8660     5.2555     0.5256  -117.1576     2.8660 99999.0000 99999.0000 99999.0000 99999.0000
    0.1235     5.1018     0.5102    57.7021     2.8660     4.2961     0.4296  -114.7722     2.8660 99999.0000 99999.0000 99999.0000 99999.0000
    0.2128     2.8455     0.2846    59.1429     2.8660 99999.0000 99999.0000 99999.0000 99999.0000 99999.0000 99999.0000 99999.0000 99999.0000
    0.3559     2.7631     0.2763    68.0782     2.8660     2.5518     0.2552  -123.9081     2.8660 99999.0000 99999.0000 99999.0000 99999.0000
    0.5814     2.2876     0.2288    50.9422     2.8660     2.0692     0.2069  -125.2091     2.8660 99999.0000 99999.0000 99999.0000 99999.0000
    0.9804     2.1371     0.2137    44.3685     2.8660     1.6251     0.1625  -130.8062     2.8660 99999.0000 99999.0000 99999.0000 99999.0000
    1.6949     2.4945     0.2495    32.6495     2.8660     1.8875     0.1887  -149.8886     2.8660 99999.0000 99999.0000 99999.0000 99999.0000
    2.8571     3.1615     0.3161    28.3421     2.8660     2.6696     0.2670  -156.6648     2.8660 99999.0000 99999.0000 99999.0000 99999.0000
    4.6512     4.1575     0.4158    25.9766     2.8660     3.9299     0.3930  -161.2390     2.8660 99999.0000 99999.0000 99999.0000 99999.0000
    7.8740     5.7432     0.5743    29.8160     2.8660     6.0062     0.6006  -165.3521     2.8660 99999.0000 99999.0000 99999.0000 99999.0000
   13.6986     8.8915     0.8892    20.2848     2.8660     5.0859     0.5086  -161.3162     2.8660 99999.0000 99999.0000 99999.0000 99999.0000
   22.7273    12.9138     1.2914    25.4406     2.8660     9.8025     0.9802  -162.8185     2.8660 99999.0000 99999.0000 99999.0000 99999.0000
   37.1747     9.4903     0.9490    38.4624     2.8660    19.8366     1.9837  -162.8063     2.8660 99999.0000 99999.0000 99999.0000 99999.0000
   62.8931    11.1928     1.1193    36.3230     2.8660    28.5191     2.8519  -153.6452     2.8660 99999.0000 99999.0000 99999.0000 99999.0000
  108.6957    28.1796     2.8180    62.4394     2.8660 99999.0000 99999.0000 99999.0000 99999.0000 99999.0000 99999.0000 99999.0000 99999.0000
29.392120
-0.001070
    0.0152    13.0817     1.3082    51.0669     2.8660    10.8297     1.0830  -129.8873     2.8660 99999.0000 99999.0000 99999.0000 99999.0000
    0.0250    11.1377     1.1138    53.5456     2.8660     9.1855     0.9186  -126.9193     2.8660 99999.0000 99999.0000 99999.0000 99999.0000
    0.0444    10.0137     1.0014    55.4663     2.8660     8.2259     0.8226  -124.9768     2.8660 99999.0000 99999.0000 99999.0000 99999.0000
    0.0730     9.4415     0.9441    57.0710     2.8660     7.7974     0.7797  -122.7218     2.8660 99999.0000 99999.0000 99999.0000 99999.0000
    0.1235     7.8671     0.7867    58.9377     2.8660     6.4411     0.6441  -121.1194     2.8660 99999.0000 99999.0000 99999.0000 99999.0000
    0.2128     6.0601     0.6060    60.2093     2.8660     5.1216     0.5122  -120.4276     2.8660 99999.0000 99999.0000 99999.0000 99999.0000
    0.3559     4.7786     0.4779    60.7578     2.8660     4.0155     0.4016  -120.2237     2.8660 99999.0000 99999.0000 99999.0000 99999.0000
    0.5814     3.8990     0.3899    58.1141     2.8660     3.2777     0.3278  -123.0061     2.8660 99999.0000 99999.0000 99999.0000 99999.0000
    0.9804     3.1876     0.3188    54.1102     2.8660     2.6862     0.2686  -127.7676     2.8660 99999.0000 99999.0000 99999.0000 99999.0000
    1.6949     2.6421     0.2642    43.4828     2.8660     2.3287     0.2329  -139.4409     2.8660 99999.0000 99999.0000 99999.0000 99999.0000
    2.8571     2.6912     0.2691    33.4492     2.8660     2.6227     0.2623  -147.9804     2.8660 99999.0000 99999.0000 99999.0000 99999.0000
    4.6512     3.5496     0.3550    27.4219     2.8660     3.6900     0.3690  -153.2820     2.8660 99999.0000 99999.0000 99999.0000 99999.0000
    7.8740     5.4408     0.5441    25.7403     2.8660     5.3529     0.5353  -154.2483     2.8660 99999.0000 99999.0000 99999.0000 99999.0000
   13.6986     5.0577     0.5058    35.3054     2.8660     6.0202     0.6020  -169.6430     2.8660 99999.0000 99999.0000 99999.0000 99999.0000
   22.7273     7.1525     0.7153    30.0507     2.8660    11.2637     1.1264  -165.7268     2.8660 99999.0000 99999.0000 99999.0000 99999.0000
   37.1747    11.8945     1.1894    44.8101     2.8660    13.5049     1.3505  -165.4964     2.8660 99999.0000 99999.0000 99999.0000 99999.0000
   62.8931    11.8819     1.1882    57.0563     2.8660    22.0051     2.2005  -158.3413     2.8660 99999.0000 99999.0000 99999.0000 99999.0000
  108.6957    10.8878     1.0888    41.0234     2.8660    26.1597     2.6160  -152.4463     2.8660 99999.0000 99999.0000 99999.0000 99999.0000
