TOPO
 -1.8370e+02  1.6250e+00
 -1.5810e+02  1.1830e+00
 -1.3690e+02  2.0760e+00
 -1.1920e+02  2.5630e+00
 -1.0440e+02  2.4940e+00
 -9.2080e+01  2.3940e+00
 -8.1820e+01  1.7170e+00
 -7.3280e+01  7.4550e-01
 -6.6160e+01  3.0950e-01
 -6.0220e+01  2.5750e-01
 -5.5280e+01  2.7160e-02
 -5.1160e+01  3.2030e-02
 -4.7720e+01  4.6110e-02
 -4.4860e+01  4.3200e-02
 -4.2470e+01  4.2960e-02
 -4.0490e+01  3.7500e-02
 -3.8830e+01  2.5790e-02
 -3.7450e+01  1.8320e-02
 -3.6300e+01  2.2830e-02
 -3.5340e+01  2.3860e-02
 -3.4540e+01  1.6360e-02
 -3.3880e+01  4.5030e-03
 -3.3320e+01  8.3240e-03
 -3.2860e+01  5.6110e-03
 -3.2480e+01  9.3140e-04
 -3.2150e+01  3.0000e-03
 -3.1890e+01 -4.0050e-03
 -3.1660e+01 -1.5130e-02
 -3.1480e+01 -2.9750e-02
 -3.1320e+01 -4.8870e-02
 -3.1190e+01 -7.2440e-02
 -3.1090e+01 -8.8790e-02
 -3.1000e+01 -1.0020e-01
 -3.0920e+01 -1.1800e-01
 -3.0860e+01 -1.3190e-01
 -3.0810e+01 -1.3190e-01
 -3.0770e+01 -1.5060e-01
 -3.0730e+01 -1.5060e-01
 -3.0700e+01 -1.6740e-01
 -3.0660e+01 -1.6740e-01
 -3.0620e+01 -1.8640e-01
 -3.0570e+01 -2.0580e-01
 -3.0510e+01 -2.0580e-01
 -3.0430e+01 -2.2450e-01
 -3.0340e+01 -2.4610e-01
 -3.0230e+01 -2.8750e-01
 -3.0110e+01 -3.0370e-01
 -2.9950e+01 -3.4230e-01
 -2.9770e+01 -4.0540e-01
 -2.9540e+01 -4.3830e-01
 -2.9280e+01 -4.8580e-01
 -2.8950e+01 -5.0390e-01
 -2.8570e+01 -4.6180e-01
 -2.8110e+01 -4.0370e-01
 -2.7430e+01 -3.3920e-01
 -2.6750e+01 -3.1000e-01
 -2.6280e+01 -3.2190e-01
 -2.5900e+01 -3.3150e-01
 -2.5580e+01 -3.4550e-01
 -2.5310e+01 -3.5670e-01
 -2.5090e+01 -3.6240e-01
 -2.4900e+01 -3.6680e-01
 -2.4750e+01 -3.6870e-01
 -2.4620e+01 -3.7180e-01
 -2.4510e+01 -3.7050e-01
 -2.4420e+01 -3.7280e-01
 -2.4350e+01 -3.7850e-01
 -2.4280e+01 -3.7640e-01
 -2.4230e+01 -3.7640e-01
 -2.4190e+01 -3.8430e-01
 -2.4150e+01 -3.8430e-01
 -2.4120e+01 -3.8220e-01
 -2.4090e+01 -3.8220e-01
 -2.4040e+01 -3.8220e-01
 -2.3990e+01 -3.9230e-01
 -2.3930e+01 -3.9050e-01
 -2.3850e+01 -4.0220e-01
 -2.3770e+01 -4.0090e-01
 -2.3660e+01 -4.1370e-01
 -2.3530e+01 -4.2810e-01
 -2.3370e+01 -4.4460e-01
 -2.3190e+01 -4.7000e-01
 -2.2970e+01 -4.9670e-01
 -2.2700e+01 -5.6470e-01
 -2.2310e+01 -6.5350e-01
 -2.2040e+01 -7.5950e-01
 -2.1820e+01 -8.4110e-01
 -2.1640e+01 -9.2860e-01
 -2.1480e+01 -9.8340e-01
 -2.1350e+01 -1.0070e+00
 -2.1250e+01 -1.0360e+00
 -2.1160e+01 -1.0860e+00
 -2.1080e+01 -1.0860e+00
 -2.1020e+01 -1.1070e+00
 -2.0970e+01 -1.1300e+00
 -2.0920e+01 -1.1300e+00
 -2.0890e+01 -1.1490e+00
 -2.0860e+01 -1.1670e+00
 -2.0820e+01 -1.1670e+00
 -2.0780e+01 -1.1670e+00
 -2.0730e+01 -1.1840e+00
 -2.0660e+01 -1.1990e+00
 -2.0590e+01 -1.1990e+00
 -2.0500e+01 -1.2230e+00
 -2.0390e+01 -1.2340e+00
 -2.0260e+01 -1.2410e+00
 -2.0110e+01 -1.2540e+00
 -1.9920e+01 -1.2650e+00
 -1.9700e+01 -1.2620e+00
 -1.9430e+01 -1.2480e+00
 -1.9110e+01 -1.2250e+00
 -1.8730e+01 -1.1960e+00
 -1.8260e+01 -1.1540e+00
 -1.7710e+01 -1.1140e+00
 -1.7040e+01 -1.0980e+00
 -1.6250e+01 -1.0730e+00
 -1.5290e+01 -1.0030e+00
 -1.4140e+01 -7.7390e-01
 -1.3180e+01 -4.2920e-01
 -1.2380e+01 -2.4580e-01
 -1.1710e+01 -1.6950e-01
 -1.1160e+01 -1.4750e-01
 -1.0700e+01 -1.4710e-01
 -1.0310e+01 -1.5120e-01
 -9.9900e+00 -1.5100e-01
 -9.7220e+00 -1.5040e-01
 -9.4990e+00 -1.5000e-01
 -9.3140e+00 -1.4940e-01
 -9.1590e+00 -1.4840e-01
 -9.0300e+00 -1.4700e-01
 -8.9220e+00 -1.4510e-01
 -8.8330e+00 -1.4510e-01
 -8.7580e+00 -1.4270e-01
 -8.6960e+00 -1.4270e-01
 -8.6440e+00 -1.4270e-01
 -8.6010e+00 -1.4000e-01
 -8.5650e+00 -1.4000e-01
 -8.5350e+00 -1.4000e-01
 -8.4990e+00 -1.4000e-01
 -8.4560e+00 -1.3660e-01
 -8.4040e+00 -1.3660e-01
 -8.3420e+00 -1.3660e-01
 -8.2670e+00 -1.3230e-01
 -8.1770e+00 -1.3230e-01
 -8.0700e+00 -1.2720e-01
 -7.9410e+00 -1.2130e-01
 -7.7860e+00 -1.1460e-01
 -7.6000e+00 -1.0720e-01
 -7.3770e+00 -9.7450e-02
 -7.1060e+00 -8.3390e-02
 -6.8350e+00 -7.0330e-02
 -6.6120e+00 -6.5290e-02
 -6.4260e+00 -6.1730e-02
 -6.2710e+00 -5.9230e-02
 -6.1430e+00 -5.6520e-02
 -6.0350e+00 -5.5390e-02
 -5.9450e+00 -5.4850e-02
 -5.8710e+00 -5.4850e-02
 -5.8090e+00 -5.6230e-02
 -5.7570e+00 -5.4740e-02
 -5.7140e+00 -5.4740e-02
 -5.6780e+00 -5.4740e-02
 -5.6480e+00 -5.6090e-02
 -5.6120e+00 -5.4840e-02
 -5.5680e+00 -5.4840e-02
 -5.5160e+00 -5.4840e-02
 -5.4540e+00 -5.4950e-02
 -5.3800e+00 -5.4950e-02
 -5.2900e+00 -5.4910e-02
 -5.1830e+00 -5.5710e-02
 -5.0540e+00 -5.4610e-02
 -4.8990e+00 -5.3980e-02
 -4.7130e+00 -5.3080e-02
 -4.4900e+00 -5.0600e-02
 -4.2230e+00 -4.7920e-02
 -3.9020e+00 -4.5390e-02
 -3.5160e+00 -4.3330e-02
 -3.0080e+00 -4.1470e-02
 -2.6220e+00 -4.0710e-02
 -2.3010e+00 -4.0420e-02
 -2.0340e+00 -3.9990e-02
 -1.8110e+00 -3.9540e-02
 -1.6250e+00 -3.9090e-02
 -1.4710e+00 -3.8570e-02
 -1.3420e+00 -3.7990e-02
 -1.2340e+00 -3.7370e-02
 -1.1440e+00 -3.7370e-02
 -1.0700e+00 -3.6740e-02
 -1.0080e+00 -3.6740e-02
 -9.5580e-01 -3.6100e-02
 -9.1260e-01 -3.6110e-02
 -8.7660e-01 -3.6110e-02
 -8.4660e-01 -3.6110e-02
 -8.1060e-01 -3.5490e-02
 -7.6740e-01 -3.5490e-02
 -7.1550e-01 -3.5530e-02
 -6.5330e-01 -3.4940e-02
 -5.7870e-01 -3.5050e-02
 -4.8910e-01 -3.4510e-02
 -3.8160e-01 -3.4720e-02
 -2.5260e-01 -3.4570e-02
 -9.7820e-02 -3.4610e-02
  8.7930e-02 -3.4830e-02
  3.1080e-01 -3.5090e-02
  5.7830e-01 -3.6440e-02
  8.9930e-01 -3.7660e-02
  1.2840e+00 -3.8950e-02
  1.7470e+00 -3.8960e-02
  2.5190e+00 -4.1090e-02
  2.9810e+00 -4.6850e-02
  3.3660e+00 -5.5830e-02
  3.6870e+00 -6.7530e-02
  3.9540e+00 -8.3250e-02
  4.1770e+00 -9.2430e-02
  4.3630e+00 -1.0940e-01
  4.5180e+00 -1.2000e-01
  4.6470e+00 -1.2320e-01
  4.7540e+00 -1.3400e-01
  4.8440e+00 -1.4170e-01
  4.9190e+00 -1.4490e-01
  4.9810e+00 -1.5270e-01
  5.0330e+00 -1.5270e-01
  5.0760e+00 -1.5580e-01
  5.1120e+00 -1.5580e-01
  5.1420e+00 -1.6340e-01
  5.1780e+00 -1.6340e-01
  5.2210e+00 -1.6650e-01
  5.2730e+00 -1.6650e-01
  5.3350e+00 -1.7390e-01
  5.4100e+00 -1.7700e-01
  5.4990e+00 -1.8400e-01
  5.6070e+00 -1.9370e-01
  5.7360e+00 -1.9660e-01
  5.8910e+00 -2.0600e-01
  6.0760e+00 -2.2220e-01
  6.2990e+00 -2.3170e-01
  6.5670e+00 -2.5050e-01
  6.8880e+00 -2.6850e-01
  7.2240e+00 -2.8430e-01
  7.5450e+00 -2.9600e-01
  7.8120e+00 -3.0250e-01
  8.0350e+00 -3.0410e-01
  8.2210e+00 -3.0100e-01
  8.3760e+00 -3.0120e-01
  8.5050e+00 -3.0540e-01
  8.6120e+00 -3.0570e-01
  8.7020e+00 -3.0190e-01
  8.7760e+00 -3.0640e-01
  8.8380e+00 -3.0300e-01
  8.8900e+00 -3.0300e-01
  8.9340e+00 -3.0760e-01
  8.9700e+00 -3.0760e-01
  9.0000e+00 -3.0500e-01
  9.0360e+00 -3.0500e-01
  9.0790e+00 -3.0970e-01
  9.1310e+00 -3.0970e-01
  9.1930e+00 -3.0780e-01
  9.2670e+00 -3.1270e-01
  9.3570e+00 -3.1160e-01
  9.4640e+00 -3.1640e-01
  9.5930e+00 -3.2150e-01
  9.7480e+00 -3.2720e-01
  9.9340e+00 -3.3570e-01
  1.0160e+01 -3.4730e-01
  1.0420e+01 -3.5760e-01
  1.0750e+01 -3.6920e-01
  1.1130e+01 -3.7430e-01
  1.1590e+01 -3.6380e-01
  1.2200e+01 -3.2260e-01
  1.2810e+01 -2.7630e-01
  1.3270e+01 -2.5820e-01
  1.3660e+01 -2.4730e-01
  1.3980e+01 -2.4580e-01
  1.4250e+01 -2.4660e-01
  1.4470e+01 -2.4730e-01
  1.4650e+01 -2.4700e-01
  1.4810e+01 -2.4720e-01
  1.4940e+01 -2.4800e-01
  1.5050e+01 -2.4760e-01
  1.5140e+01 -2.4700e-01
  1.5210e+01 -2.4700e-01
  1.5270e+01 -2.4700e-01
  1.5320e+01 -2.4610e-01
  1.5370e+01 -2.4610e-01
  1.5400e+01 -2.4610e-01
  1.5430e+01 -2.4610e-01
  1.5470e+01 -2.4480e-01
  1.5510e+01 -2.4480e-01
  1.5560e+01 -2.4480e-01
  1.5630e+01 -2.4300e-01
  1.5700e+01 -2.4300e-01
  1.5790e+01 -2.4090e-01
  1.5900e+01 -2.4090e-01
  1.6030e+01 -2.3850e-01
  1.6180e+01 -2.3600e-01
  1.6370e+01 -2.3340e-01
  1.6590e+01 -2.2790e-01
  1.6910e+01 -2.2250e-01
  1.7220e+01 -2.1750e-01
  1.7440e+01 -2.1510e-01
  1.7630e+01 -2.1270e-01
  1.7790e+01 -2.1040e-01
  1.7910e+01 -2.0820e-01
  1.8020e+01 -2.0600e-01
  1.8110e+01 -2.0480e-01
  1.8190e+01 -2.0400e-01
  1.8250e+01 -2.0400e-01
  1.8300e+01 -2.0220e-01
  1.8340e+01 -2.0220e-01
  1.8380e+01 -2.0220e-01
  1.8410e+01 -2.0220e-01
  1.8450e+01 -2.0060e-01
  1.8490e+01 -2.0060e-01
  1.8540e+01 -2.0060e-01
  1.8600e+01 -1.9930e-01
  1.8680e+01 -1.9930e-01
  1.8770e+01 -1.9850e-01
  1.8870e+01 -1.9850e-01
  1.9000e+01 -1.9830e-01
  1.9160e+01 -1.9880e-01
  1.9340e+01 -2.0010e-01
  1.9570e+01 -2.0470e-01
  1.9830e+01 -2.0780e-01
  2.0160e+01 -2.1290e-01
  2.0540e+01 -2.2200e-01
  2.0990e+01 -2.2010e-01
  2.1370e+01 -2.1270e-01
  2.1690e+01 -2.0190e-01
  2.1960e+01 -1.9010e-01
  2.2180e+01 -1.8430e-01
  2.2370e+01 -1.7340e-01
  2.2520e+01 -1.6840e-01
  2.2650e+01 -1.6840e-01
  2.2760e+01 -1.6390e-01
  2.2850e+01 -1.5960e-01
  2.2920e+01 -1.5960e-01
  2.2990e+01 -1.5560e-01
  2.3040e+01 -1.5560e-01
  2.3080e+01 -1.5560e-01
  2.3120e+01 -1.5560e-01
  2.3150e+01 -1.5170e-01
  2.3180e+01 -1.5170e-01
  2.3230e+01 -1.5170e-01
  2.3280e+01 -1.5170e-01
  2.3340e+01 -1.4800e-01
  2.3420e+01 -1.4800e-01
  2.3510e+01 -1.4440e-01
  2.3610e+01 -1.4480e-01
  2.3740e+01 -1.4100e-01
  2.3900e+01 -1.3770e-01
  2.4080e+01 -1.3500e-01
  2.4310e+01 -1.2910e-01
  2.4570e+01 -1.2460e-01
  2.4890e+01 -1.2060e-01
  2.5280e+01 -1.1650e-01
  2.5740e+01 -1.0740e-01
  2.6780e+01 -6.1150e-02
  2.7250e+01 -3.7900e-02
  2.7630e+01 -2.4490e-02
  2.7950e+01 -1.3920e-02
  2.8220e+01 -6.8380e-03
  2.8440e+01 -4.7040e-03
  2.8630e+01 -3.2380e-03
  2.8780e+01 -2.3620e-03
  2.8910e+01 -2.2320e-03
  2.9020e+01 -2.0690e-03
  2.9110e+01 -1.5050e-03
  2.9180e+01 -1.8920e-03
  2.9250e+01 -1.1740e-03
  2.9300e+01 -1.5290e-03
  2.9340e+01 -1.5290e-03
  2.9380e+01 -1.5290e-03
  2.9410e+01 -6.1460e-04
  2.9440e+01 -7.2260e-04
  2.9490e+01 -7.2260e-04
  2.9540e+01 -7.2260e-04
  2.9600e+01  8.1770e-04
  2.9680e+01  8.1770e-04
  2.9760e+01  3.3900e-03
  2.9870e+01  5.2730e-03
  3.0000e+01  7.2960e-03
  3.0160e+01  1.2840e-02
  3.0340e+01  2.3600e-02
  3.0560e+01  4.2090e-02
  3.0830e+01  6.1640e-02
  3.1150e+01  1.0000e-01
  3.1540e+01  1.6830e-01
  3.2000e+01  2.5140e-01
  3.2560e+01  3.3010e-01
  3.3220e+01  4.3350e-01
  3.4020e+01  5.1560e-01
  3.4980e+01  6.2100e-01
  3.6130e+01  6.8420e-01
  3.7510e+01  7.3270e-01
  3.9160e+01  7.8680e-01
  4.1150e+01  8.5970e-01
  4.3540e+01  9.1200e-01
  4.6400e+01  1.0230e+00
  4.9830e+01  1.1120e+00
  5.3950e+01  1.1710e+00
  5.8900e+01  1.2380e+00
  6.4830e+01  1.2510e+00
  7.1950e+01  1.3410e+00
  8.0500e+01  1.3620e+00
  9.0760e+01  1.3460e+00
  1.0310e+02  1.3310e+00
  1.1780e+02  1.2950e+00
  1.3550e+02  1.2730e+00
  1.5680e+02  1.3330e+00
  1.8230e+02  1.2860e+00
